QGC WPL 110
0	0	0	16	0.000000	0.000000	0.000000	0.000000	-22.013852	-47.947332	857.979980	1
1	0	3	16	0.000000	0.000000	0.000000	0.000000	-22.013852	-47.947333	2.000000	1
2	0	3	16	0.000000	0.000000	0.000000	0.000000	-22.013852	-47.947333	2.000000	1
3	0	3	16	0.000000	0.000000	0.000000	0.000000	-22.013851	-47.947238	2.000000	1
4	0	3	16	0.000000	0.000000	0.000000	0.000000	-22.013851	-47.947143	2.000000	1
5	0	3	16	0.000000	0.000000	0.000000	0.000000	-22.013850	-47.947048	2.000000	1
6	0	3	16	0.000000	0.000000	0.000000	0.000000	-22.013849	-47.946953	2.000000	1
7	0	3	16	0.000000	0.000000	0.000000	0.000000	-22.013848	-47.946858	2.000000	1
8	0	3	16	0.000000	0.000000	0.000000	0.000000	-22.013848	-47.946858	2.000000	1
9	0	3	16	0.000000	0.000000	0.000000	0.000000	-22.013844	-47.946813	2.000000	1
10	0	3	16	0.000000	0.000000	0.000000	0.000000	-22.013844	-47.946813	2.000000	1
11	0	3	16	0.000000	0.000000	0.000000	0.000000	-22.013831	-47.946759	2.000000	1
12	0	3	16	0.000000	0.000000	0.000000	0.000000	-22.013831	-47.946759	2.000000	1
13	0	3	16	0.000000	0.000000	0.000000	0.000000	-22.013807	-47.946707	2.000000	1
14	0	3	16	0.000000	0.000000	0.000000	0.000000	-22.013783	-47.946655	2.000000	1
15	0	3	16	0.000000	0.000000	0.000000	0.000000	-22.013783	-47.946655	2.000000	1
16	0	3	16	0.000000	0.000000	0.000000	0.000000	-22.013803	-47.946633	2.000000	1
17	0	3	16	0.000000	0.000000	0.000000	0.000000	-22.013803	-47.946633	2.000000	1
18	0	3	16	0.000000	0.000000	0.000000	0.000000	-22.013723	-47.946642	2.000000	1
19	0	3	16	0.000000	0.000000	0.000000	0.000000	-22.013723	-47.946642	2.000000	1
20	0	3	16	0.000000	0.000000	0.000000	0.000000	-22.013715	-47.946654	2.000000	1
21	0	3	16	0.000000	0.000000	0.000000	0.000000	-22.013715	-47.946654	2.000000	1
22	0	3	16	0.000000	0.000000	0.000000	0.000000	-22.013647	-47.946666	2.000000	1
23	0	3	16	0.000000	0.000000	0.000000	0.000000	-22.013647	-47.946666	2.000000	1
24	0	3	16	0.000000	0.000000	0.000000	0.000000	-22.013634	-47.946669	2.000000	1
25	0	3	16	0.000000	0.000000	0.000000	0.000000	-22.013634	-47.946669	2.000000	1
26	0	3	16	0.000000	0.000000	0.000000	0.000000	-22.013622	-47.946667	2.000000	1
27	0	3	16	0.000000	0.000000	0.000000	0.000000	-22.013622	-47.946667	2.000000	1
28	0	3	16	0.000000	0.000000	0.000000	0.000000	-22.013618	-47.946674	2.000000	1
29	0	3	16	0.000000	0.000000	0.000000	0.000000	-22.013618	-47.946674	2.000000	1
30	0	3	16	0.000000	0.000000	0.000000	0.000000	-22.013619	-47.946729	2.000000	1
31	0	3	16	0.000000	0.000000	0.000000	0.000000	-22.013619	-47.946729	2.000000	1
32	0	3	16	0.000000	0.000000	0.000000	0.000000	-22.013665	-47.946729	2.000000	1
33	0	3	16	0.000000	0.000000	0.000000	0.000000	-22.013665	-47.946729	2.000000	1
34	0	3	16	0.000000	0.000000	0.000000	0.000000	-22.013692	-47.946707	2.000000	1
35	0	3	16	0.000000	0.000000	0.000000	0.000000	-22.013692	-47.946707	2.000000	1
36	0	3	16	0.000000	0.000000	0.000000	0.000000	-22.013692	-47.946712	2.000000	1
37	0	3	16	0.000000	0.000000	0.000000	0.000000	-22.013692	-47.946712	2.000000	1
38	0	3	16	0.000000	0.000000	0.000000	0.000000	-22.013744	-47.946770	2.000000	1
39	0	3	16	0.000000	0.000000	0.000000	0.000000	-22.013744	-47.946770	2.000000	1
40	0	3	16	0.000000	0.000000	0.000000	0.000000	-22.013754	-47.946808	2.000000	1
41	0	3	16	0.000000	0.000000	0.000000	0.000000	-22.013754	-47.946808	2.000000	1
42	0	3	16	0.000000	0.000000	0.000000	0.000000	-22.013757	-47.946869	2.000000	1
43	0	3	16	0.000000	0.000000	0.000000	0.000000	-22.013757	-47.946869	2.000000	1
44	0	3	16	0.000000	0.000000	0.000000	0.000000	-22.013742	-47.946904	2.000000	1
45	0	3	16	0.000000	0.000000	0.000000	0.000000	-22.013742	-47.946904	2.000000	1
46	0	3	16	0.000000	0.000000	0.000000	0.000000	-22.013793	-47.946913	2.000000	1
47	0	3	16	0.000000	0.000000	0.000000	0.000000	-22.013843	-47.946922	2.000000	1
48	0	3	16	0.000000	0.000000	0.000000	0.000000	-22.013843	-47.946922	2.000000	1
49	0	3	16	0.000000	0.000000	0.000000	0.000000	-22.013835	-47.946932	2.000000	1
50	0	3	16	0.000000	0.000000	0.000000	0.000000	-22.013835	-47.946932	2.000000	1
51	0	3	16	0.000000	0.000000	0.000000	0.000000	-22.013841	-47.946936	2.000000	1
52	0	3	16	0.000000	0.000000	0.000000	0.000000	-22.013841	-47.946936	2.000000	1
53	0	3	16	0.000000	0.000000	0.000000	0.000000	-22.013822	-47.946955	2.000000	1
54	0	3	16	0.000000	0.000000	0.000000	0.000000	-22.013822	-47.946955	2.000000	1
55	0	3	16	0.000000	0.000000	0.000000	0.000000	-22.013821	-47.946952	2.000000	1
56	0	3	16	0.000000	0.000000	0.000000	0.000000	-22.013821	-47.946952	2.000000	1
57	0	3	16	0.000000	0.000000	0.000000	0.000000	-22.013813	-47.946949	2.000000	1
58	0	3	16	0.000000	0.000000	0.000000	0.000000	-22.013813	-47.946949	2.000000	1
59	0	3	16	0.000000	0.000000	0.000000	0.000000	-22.013811	-47.946951	2.000000	1
60	0	3	16	0.000000	0.000000	0.000000	0.000000	-22.013811	-47.946951	2.000000	1
61	0	3	16	0.000000	0.000000	0.000000	0.000000	-22.013799	-47.946957	2.000000	1
62	0	3	16	0.000000	0.000000	0.000000	0.000000	-22.013799	-47.946957	2.000000	1
63	0	3	16	0.000000	0.000000	0.000000	0.000000	-22.013719	-47.946985	2.000000	1
64	0	3	16	0.000000	0.000000	0.000000	0.000000	-22.013719	-47.946985	2.000000	1
65	0	3	16	0.000000	0.000000	0.000000	0.000000	-22.013715	-47.947047	2.000000	1
66	0	3	16	0.000000	0.000000	0.000000	0.000000	-22.013715	-47.947047	2.000000	1
67	0	3	16	0.000000	0.000000	0.000000	0.000000	-22.013720	-47.947050	2.000000	1
68	0	3	16	0.000000	0.000000	0.000000	0.000000	-22.013720	-47.947050	2.000000	1
69	0	3	16	0.000000	0.000000	0.000000	0.000000	-22.013777	-47.947090	2.000000	1
70	0	3	16	0.000000	0.000000	0.000000	0.000000	-22.013777	-47.947090	2.000000	1
71	0	3	16	0.000000	0.000000	0.000000	0.000000	-22.013806	-47.947102	2.000000	1
72	0	3	16	0.000000	0.000000	0.000000	0.000000	-22.013806	-47.947102	2.000000	1
73	0	3	16	0.000000	0.000000	0.000000	0.000000	-22.013804	-47.947128	2.000000	1
74	0	3	16	0.000000	0.000000	0.000000	0.000000	-22.013804	-47.947128	2.000000	1
75	0	3	16	0.000000	0.000000	0.000000	0.000000	-22.013772	-47.947212	2.000000	1
76	0	3	16	0.000000	0.000000	0.000000	0.000000	-22.013772	-47.947212	2.000000	1
77	0	3	16	0.000000	0.000000	0.000000	0.000000	-22.013806	-47.947249	2.000000	1
78	0	3	16	0.000000	0.000000	0.000000	0.000000	-22.013806	-47.947249	2.000000	1
79	0	3	16	0.000000	0.000000	0.000000	0.000000	-22.013837	-47.947249	2.000000	1
80	0	3	16	0.000000	0.000000	0.000000	0.000000	-22.013837	-47.947249	2.000000	1
81	0	3	16	0.000000	0.000000	0.000000	0.000000	-22.013847	-47.947317	2.000000	1
82	0	3	16	0.000000	0.000000	0.000000	0.000000	-22.013847	-47.947317	2.000000	1
83	0	3	16	0.000000	0.000000	0.000000	0.000000	-22.013804	-47.947260	2.000000	1
84	0	3	16	0.000000	0.000000	0.000000	0.000000	-22.013804	-47.947260	2.000000	1
85	0	3	16	0.000000	0.000000	0.000000	0.000000	-22.013762	-47.947262	2.000000	1
86	0	3	16	0.000000	0.000000	0.000000	0.000000	-22.013762	-47.947262	2.000000	1
87	0	3	16	0.000000	0.000000	0.000000	0.000000	-22.013726	-47.947293	2.000000	1
88	0	3	16	0.000000	0.000000	0.000000	0.000000	-22.013691	-47.947325	2.000000	1
89	0	3	16	0.000000	0.000000	0.000000	0.000000	-22.013691	-47.947325	2.000000	1
90	0	3	16	0.000000	0.000000	0.000000	0.000000	-22.013686	-47.947326	2.000000	1
91	0	3	16	0.000000	0.000000	0.000000	0.000000	-22.013686	-47.947326	2.000000	1
92	0	3	16	0.000000	0.000000	0.000000	0.000000	-22.013627	-47.947290	2.000000	1
93	0	3	16	0.000000	0.000000	0.000000	0.000000	-22.013627	-47.947290	2.000000	1
94	0	3	16	0.000000	0.000000	0.000000	0.000000	-22.013626	-47.947310	2.000000	1
95	0	3	16	0.000000	0.000000	0.000000	0.000000	-22.013626	-47.947310	2.000000	1
96	0	3	16	0.000000	0.000000	0.000000	0.000000	-22.013585	-47.947328	2.000000	1
97	0	3	16	0.000000	0.000000	0.000000	0.000000	-22.013585	-47.947328	2.000000	1
98	0	3	16	0.000000	0.000000	0.000000	0.000000	-22.013580	-47.947325	2.000000	1
99	0	3	16	0.000000	0.000000	0.000000	0.000000	-22.013580	-47.947325	2.000000	1
100	0	3	16	0.000000	0.000000	0.000000	0.000000	-22.013582	-47.947317	2.000000	1
101	0	3	16	0.000000	0.000000	0.000000	0.000000	-22.013582	-47.947317	2.000000	1
102	0	3	16	0.000000	0.000000	0.000000	0.000000	-22.013580	-47.947317	2.000000	1
103	0	3	16	0.000000	0.000000	0.000000	0.000000	-22.013580	-47.947317	2.000000	1
104	0	3	16	0.000000	0.000000	0.000000	0.000000	-22.013531	-47.947277	2.000000	1
105	0	3	16	0.000000	0.000000	0.000000	0.000000	-22.013481	-47.947238	2.000000	1
106	0	3	16	0.000000	0.000000	0.000000	0.000000	-22.013481	-47.947238	2.000000	1
107	0	3	16	0.000000	0.000000	0.000000	0.000000	-22.013478	-47.947235	2.000000	1
108	0	3	16	0.000000	0.000000	0.000000	0.000000	-22.013478	-47.947235	2.000000	1
109	0	3	16	0.000000	0.000000	0.000000	0.000000	-22.013438	-47.947189	2.000000	1
110	0	3	16	0.000000	0.000000	0.000000	0.000000	-22.013438	-47.947189	2.000000	1
111	0	3	16	0.000000	0.000000	0.000000	0.000000	-22.013428	-47.947180	2.000000	1
112	0	3	16	0.000000	0.000000	0.000000	0.000000	-22.013428	-47.947180	2.000000	1
113	0	3	16	0.000000	0.000000	0.000000	0.000000	-22.013432	-47.947182	2.000000	1
114	0	3	16	0.000000	0.000000	0.000000	0.000000	-22.013432	-47.947182	2.000000	1
115	0	3	16	0.000000	0.000000	0.000000	0.000000	-22.013450	-47.947184	2.000000	1
116	0	3	16	0.000000	0.000000	0.000000	0.000000	-22.013450	-47.947184	2.000000	1
117	0	3	16	0.000000	0.000000	0.000000	0.000000	-22.013469	-47.947180	2.000000	1
118	0	3	16	0.000000	0.000000	0.000000	0.000000	-22.013469	-47.947180	2.000000	1
119	0	3	16	0.000000	0.000000	0.000000	0.000000	-22.013459	-47.947167	2.000000	1
120	0	3	16	0.000000	0.000000	0.000000	0.000000	-22.013459	-47.947167	2.000000	1
121	0	3	16	0.000000	0.000000	0.000000	0.000000	-22.013449	-47.947156	2.000000	1
122	0	3	16	0.000000	0.000000	0.000000	0.000000	-22.013449	-47.947156	2.000000	1
123	0	3	16	0.000000	0.000000	0.000000	0.000000	-22.013455	-47.947159	2.000000	1
124	0	3	16	0.000000	0.000000	0.000000	0.000000	-22.013455	-47.947159	2.000000	1
125	0	3	16	0.000000	0.000000	0.000000	0.000000	-22.013472	-47.947164	2.000000	1
126	0	3	16	0.000000	0.000000	0.000000	0.000000	-22.013472	-47.947164	2.000000	1
127	0	3	16	0.000000	0.000000	0.000000	0.000000	-22.013478	-47.947167	2.000000	1
128	0	3	16	0.000000	0.000000	0.000000	0.000000	-22.013478	-47.947167	2.000000	1
129	0	3	16	0.000000	0.000000	0.000000	0.000000	-22.013480	-47.947156	2.000000	1
130	0	3	16	0.000000	0.000000	0.000000	0.000000	-22.013480	-47.947156	2.000000	1
131	0	3	16	0.000000	0.000000	0.000000	0.000000	-22.013475	-47.947143	2.000000	1
132	0	3	16	0.000000	0.000000	0.000000	0.000000	-22.013475	-47.947143	2.000000	1
133	0	3	16	0.000000	0.000000	0.000000	0.000000	-22.013546	-47.947171	2.000000	1
134	0	3	16	0.000000	0.000000	0.000000	0.000000	-22.013546	-47.947171	2.000000	1
135	0	3	16	0.000000	0.000000	0.000000	0.000000	-22.013603	-47.947125	2.000000	1
136	0	3	16	0.000000	0.000000	0.000000	0.000000	-22.013603	-47.947125	2.000000	1
137	0	3	16	0.000000	0.000000	0.000000	0.000000	-22.013610	-47.947131	2.000000	1
138	0	3	16	0.000000	0.000000	0.000000	0.000000	-22.013610	-47.947131	2.000000	1
139	0	3	16	0.000000	0.000000	0.000000	0.000000	-22.013631	-47.947213	2.000000	1
140	0	3	16	0.000000	0.000000	0.000000	0.000000	-22.013631	-47.947213	2.000000	1
141	0	3	16	0.000000	0.000000	0.000000	0.000000	-22.013709	-47.947199	2.000000	1
142	0	3	16	0.000000	0.000000	0.000000	0.000000	-22.013709	-47.947199	2.000000	1
143	0	3	16	0.000000	0.000000	0.000000	0.000000	-22.013711	-47.947203	2.000000	1
144	0	3	16	0.000000	0.000000	0.000000	0.000000	-22.013711	-47.947203	2.000000	1
145	0	3	16	0.000000	0.000000	0.000000	0.000000	-22.013720	-47.947198	2.000000	1
146	0	3	16	0.000000	0.000000	0.000000	0.000000	-22.013720	-47.947198	2.000000	1
147	0	3	16	0.000000	0.000000	0.000000	0.000000	-22.013728	-47.947191	2.000000	1
148	0	3	16	0.000000	0.000000	0.000000	0.000000	-22.013728	-47.947191	2.000000	1
149	0	3	16	0.000000	0.000000	0.000000	0.000000	-22.013719	-47.947124	2.000000	1
150	0	3	16	0.000000	0.000000	0.000000	0.000000	-22.013719	-47.947124	2.000000	1
151	0	3	16	0.000000	0.000000	0.000000	0.000000	-22.013713	-47.947121	2.000000	1
152	0	3	16	0.000000	0.000000	0.000000	0.000000	-22.013713	-47.947121	2.000000	1
153	0	3	16	0.000000	0.000000	0.000000	0.000000	-22.013693	-47.947091	2.000000	1
154	0	3	16	0.000000	0.000000	0.000000	0.000000	-22.013693	-47.947091	2.000000	1
155	0	3	16	0.000000	0.000000	0.000000	0.000000	-22.013673	-47.947089	2.000000	1
156	0	3	16	0.000000	0.000000	0.000000	0.000000	-22.013673	-47.947089	2.000000	1
157	0	3	16	0.000000	0.000000	0.000000	0.000000	-22.013656	-47.947090	2.000000	1
158	0	3	16	0.000000	0.000000	0.000000	0.000000	-22.013656	-47.947090	2.000000	1
159	0	3	16	0.000000	0.000000	0.000000	0.000000	-22.013656	-47.947100	2.000000	1
160	0	3	16	0.000000	0.000000	0.000000	0.000000	-22.013656	-47.947100	2.000000	1
161	0	3	16	0.000000	0.000000	0.000000	0.000000	-22.013633	-47.947111	2.000000	1
162	0	3	16	0.000000	0.000000	0.000000	0.000000	-22.013633	-47.947111	2.000000	1
163	0	3	16	0.000000	0.000000	0.000000	0.000000	-22.013637	-47.947121	2.000000	1
164	0	3	16	0.000000	0.000000	0.000000	0.000000	-22.013637	-47.947121	2.000000	1
165	0	3	16	0.000000	0.000000	0.000000	0.000000	-22.013617	-47.947116	2.000000	1
166	0	3	16	0.000000	0.000000	0.000000	0.000000	-22.013617	-47.947116	2.000000	1
167	0	3	16	0.000000	0.000000	0.000000	0.000000	-22.013575	-47.947120	2.000000	1
168	0	3	16	0.000000	0.000000	0.000000	0.000000	-22.013575	-47.947120	2.000000	1
169	0	3	16	0.000000	0.000000	0.000000	0.000000	-22.013578	-47.947111	2.000000	1
170	0	3	16	0.000000	0.000000	0.000000	0.000000	-22.013578	-47.947111	2.000000	1
171	0	3	16	0.000000	0.000000	0.000000	0.000000	-22.013582	-47.947090	2.000000	1
172	0	3	16	0.000000	0.000000	0.000000	0.000000	-22.013582	-47.947090	2.000000	1
173	0	3	16	0.000000	0.000000	0.000000	0.000000	-22.013542	-47.947058	2.000000	1
174	0	3	16	0.000000	0.000000	0.000000	0.000000	-22.013501	-47.947025	2.000000	1
175	0	3	16	0.000000	0.000000	0.000000	0.000000	-22.013501	-47.947025	2.000000	1
176	0	3	16	0.000000	0.000000	0.000000	0.000000	-22.013423	-47.947028	2.000000	1
177	0	3	16	0.000000	0.000000	0.000000	0.000000	-22.013423	-47.947028	2.000000	1
178	0	3	16	0.000000	0.000000	0.000000	0.000000	-22.013364	-47.947059	2.000000	1
179	0	3	16	0.000000	0.000000	0.000000	0.000000	-22.013304	-47.947089	2.000000	1
180	0	3	16	0.000000	0.000000	0.000000	0.000000	-22.013245	-47.947120	2.000000	1
181	0	3	16	0.000000	0.000000	0.000000	0.000000	-22.013245	-47.947120	2.000000	1
182	0	3	16	0.000000	0.000000	0.000000	0.000000	-22.013262	-47.947137	2.000000	1
183	0	3	16	0.000000	0.000000	0.000000	0.000000	-22.013262	-47.947137	2.000000	1
184	0	3	16	0.000000	0.000000	0.000000	0.000000	-22.013263	-47.947141	2.000000	1
185	0	3	16	0.000000	0.000000	0.000000	0.000000	-22.013263	-47.947141	2.000000	1
186	0	3	16	0.000000	0.000000	0.000000	0.000000	-22.013278	-47.947126	2.000000	1
187	0	3	16	0.000000	0.000000	0.000000	0.000000	-22.013278	-47.947126	2.000000	1
188	0	3	16	0.000000	0.000000	0.000000	0.000000	-22.013303	-47.947144	2.000000	1
189	0	3	16	0.000000	0.000000	0.000000	0.000000	-22.013303	-47.947144	2.000000	1
190	0	3	16	0.000000	0.000000	0.000000	0.000000	-22.013353	-47.947167	2.000000	1
191	0	3	16	0.000000	0.000000	0.000000	0.000000	-22.013403	-47.947190	2.000000	1
192	0	3	16	0.000000	0.000000	0.000000	0.000000	-22.013403	-47.947190	2.000000	1
193	0	3	16	0.000000	0.000000	0.000000	0.000000	-22.013399	-47.947192	2.000000	1
194	0	3	16	0.000000	0.000000	0.000000	0.000000	-22.013399	-47.947192	2.000000	1
195	0	3	16	0.000000	0.000000	0.000000	0.000000	-22.013357	-47.947218	2.000000	1
196	0	3	16	0.000000	0.000000	0.000000	0.000000	-22.013357	-47.947218	2.000000	1
197	0	3	16	0.000000	0.000000	0.000000	0.000000	-22.013335	-47.947210	2.000000	1
198	0	3	16	0.000000	0.000000	0.000000	0.000000	-22.013335	-47.947210	2.000000	1
199	0	3	16	0.000000	0.000000	0.000000	0.000000	-22.013333	-47.947209	2.000000	1
200	0	3	16	0.000000	0.000000	0.000000	0.000000	-22.013333	-47.947209	2.000000	1
201	0	3	16	0.000000	0.000000	0.000000	0.000000	-22.013273	-47.947219	2.000000	1
202	0	3	16	0.000000	0.000000	0.000000	0.000000	-22.013273	-47.947219	2.000000	1
203	0	3	16	0.000000	0.000000	0.000000	0.000000	-22.013275	-47.947220	2.000000	1
204	0	3	16	0.000000	0.000000	0.000000	0.000000	-22.013275	-47.947220	2.000000	1
205	0	3	16	0.000000	0.000000	0.000000	0.000000	-22.013328	-47.947240	2.000000	1
206	0	3	16	0.000000	0.000000	0.000000	0.000000	-22.013328	-47.947240	2.000000	1
207	0	3	16	0.000000	0.000000	0.000000	0.000000	-22.013332	-47.947239	2.000000	1
208	0	3	16	0.000000	0.000000	0.000000	0.000000	-22.013332	-47.947239	2.000000	1
209	0	3	16	0.000000	0.000000	0.000000	0.000000	-22.013376	-47.947258	2.000000	1
210	0	3	16	0.000000	0.000000	0.000000	0.000000	-22.013421	-47.947277	2.000000	1
211	0	3	16	0.000000	0.000000	0.000000	0.000000	-22.013421	-47.947277	2.000000	1
212	0	3	16	0.000000	0.000000	0.000000	0.000000	-22.013394	-47.947295	2.000000	1
213	0	3	16	0.000000	0.000000	0.000000	0.000000	-22.013394	-47.947295	2.000000	1
214	0	3	16	0.000000	0.000000	0.000000	0.000000	-22.013397	-47.947302	2.000000	1
215	0	3	16	0.000000	0.000000	0.000000	0.000000	-22.013397	-47.947302	2.000000	1
216	0	3	16	0.000000	0.000000	0.000000	0.000000	-22.013393	-47.947302	2.000000	1
217	0	3	16	0.000000	0.000000	0.000000	0.000000	-22.013393	-47.947302	2.000000	1
218	0	3	16	0.000000	0.000000	0.000000	0.000000	-22.013385	-47.947305	2.000000	1
219	0	3	16	0.000000	0.000000	0.000000	0.000000	-22.013385	-47.947305	2.000000	1
220	0	3	16	0.000000	0.000000	0.000000	0.000000	-22.013307	-47.947299	2.000000	1
221	0	3	16	0.000000	0.000000	0.000000	0.000000	-22.013229	-47.947293	2.000000	1
222	0	3	16	0.000000	0.000000	0.000000	0.000000	-22.013229	-47.947293	2.000000	1
223	0	3	16	0.000000	0.000000	0.000000	0.000000	-22.013194	-47.947257	2.000000	1
224	0	3	16	0.000000	0.000000	0.000000	0.000000	-22.013194	-47.947257	2.000000	1
225	0	3	16	0.000000	0.000000	0.000000	0.000000	-22.013189	-47.947246	2.000000	1
226	0	3	16	0.000000	0.000000	0.000000	0.000000	-22.013189	-47.947246	2.000000	1
227	0	3	16	0.000000	0.000000	0.000000	0.000000	-22.013191	-47.947230	2.000000	1
228	0	3	16	0.000000	0.000000	0.000000	0.000000	-22.013191	-47.947230	2.000000	1
229	0	3	16	0.000000	0.000000	0.000000	0.000000	-22.013151	-47.947252	2.000000	1
230	0	3	16	0.000000	0.000000	0.000000	0.000000	-22.013151	-47.947252	2.000000	1
231	0	3	16	0.000000	0.000000	0.000000	0.000000	-22.013099	-47.947265	2.000000	1
232	0	3	16	0.000000	0.000000	0.000000	0.000000	-22.013046	-47.947277	2.000000	1
233	0	3	16	0.000000	0.000000	0.000000	0.000000	-22.013046	-47.947277	2.000000	1
234	0	3	16	0.000000	0.000000	0.000000	0.000000	-22.012995	-47.947328	2.000000	1
235	0	3	16	0.000000	0.000000	0.000000	0.000000	-22.012995	-47.947328	2.000000	1
236	0	3	16	0.000000	0.000000	0.000000	0.000000	-22.012997	-47.947258	2.000000	1
237	0	3	16	0.000000	0.000000	0.000000	0.000000	-22.012997	-47.947258	2.000000	1
238	0	3	16	0.000000	0.000000	0.000000	0.000000	-22.013002	-47.947253	2.000000	1
239	0	3	16	0.000000	0.000000	0.000000	0.000000	-22.013002	-47.947253	2.000000	1
240	0	3	16	0.000000	0.000000	0.000000	0.000000	-22.012999	-47.947243	2.000000	1
241	0	3	16	0.000000	0.000000	0.000000	0.000000	-22.012999	-47.947243	2.000000	1
242	0	3	16	0.000000	0.000000	0.000000	0.000000	-22.013008	-47.947244	2.000000	1
243	0	3	16	0.000000	0.000000	0.000000	0.000000	-22.013008	-47.947244	2.000000	1
244	0	3	16	0.000000	0.000000	0.000000	0.000000	-22.013041	-47.947239	2.000000	1
245	0	3	16	0.000000	0.000000	0.000000	0.000000	-22.013041	-47.947239	2.000000	1
246	0	3	16	0.000000	0.000000	0.000000	0.000000	-22.013086	-47.947210	2.000000	1
247	0	3	16	0.000000	0.000000	0.000000	0.000000	-22.013086	-47.947210	2.000000	1
248	0	3	16	0.000000	0.000000	0.000000	0.000000	-22.013044	-47.947196	2.000000	1
249	0	3	16	0.000000	0.000000	0.000000	0.000000	-22.013044	-47.947196	2.000000	1
250	0	3	16	0.000000	0.000000	0.000000	0.000000	-22.013039	-47.947195	2.000000	1
251	0	3	16	0.000000	0.000000	0.000000	0.000000	-22.013039	-47.947195	2.000000	1
252	0	3	16	0.000000	0.000000	0.000000	0.000000	-22.013043	-47.947190	2.000000	1
253	0	3	16	0.000000	0.000000	0.000000	0.000000	-22.013043	-47.947190	2.000000	1
254	0	3	16	0.000000	0.000000	0.000000	0.000000	-22.013030	-47.947186	2.000000	1
255	0	3	16	0.000000	0.000000	0.000000	0.000000	-22.013030	-47.947186	2.000000	1
256	0	3	16	0.000000	0.000000	0.000000	0.000000	-22.012994	-47.947165	2.000000	1
257	0	3	16	0.000000	0.000000	0.000000	0.000000	-22.012994	-47.947165	2.000000	1
258	0	3	16	0.000000	0.000000	0.000000	0.000000	-22.012994	-47.947160	2.000000	1
259	0	3	16	0.000000	0.000000	0.000000	0.000000	-22.012994	-47.947160	2.000000	1
260	0	3	16	0.000000	0.000000	0.000000	0.000000	-22.013031	-47.947142	2.000000	1
261	0	3	16	0.000000	0.000000	0.000000	0.000000	-22.013031	-47.947142	2.000000	1
262	0	3	16	0.000000	0.000000	0.000000	0.000000	-22.013057	-47.947151	2.000000	1
263	0	3	16	0.000000	0.000000	0.000000	0.000000	-22.013057	-47.947151	2.000000	1
264	0	3	16	0.000000	0.000000	0.000000	0.000000	-22.013065	-47.947149	2.000000	1
265	0	3	16	0.000000	0.000000	0.000000	0.000000	-22.013065	-47.947149	2.000000	1
266	0	3	16	0.000000	0.000000	0.000000	0.000000	-22.013093	-47.947143	2.000000	1
267	0	3	16	0.000000	0.000000	0.000000	0.000000	-22.013093	-47.947143	2.000000	1
268	0	3	16	0.000000	0.000000	0.000000	0.000000	-22.013093	-47.947135	2.000000	1
269	0	3	16	0.000000	0.000000	0.000000	0.000000	-22.013093	-47.947135	2.000000	1
270	0	3	16	0.000000	0.000000	0.000000	0.000000	-22.013103	-47.947130	2.000000	1
271	0	3	16	0.000000	0.000000	0.000000	0.000000	-22.013103	-47.947130	2.000000	1
272	0	3	16	0.000000	0.000000	0.000000	0.000000	-22.013115	-47.947127	2.000000	1
273	0	3	16	0.000000	0.000000	0.000000	0.000000	-22.013115	-47.947127	2.000000	1
274	0	3	16	0.000000	0.000000	0.000000	0.000000	-22.013128	-47.947080	2.000000	1
275	0	3	16	0.000000	0.000000	0.000000	0.000000	-22.013128	-47.947080	2.000000	1
276	0	3	16	0.000000	0.000000	0.000000	0.000000	-22.013153	-47.947076	2.000000	1
277	0	3	16	0.000000	0.000000	0.000000	0.000000	-22.013153	-47.947076	2.000000	1
278	0	3	16	0.000000	0.000000	0.000000	0.000000	-22.013179	-47.947010	2.000000	1
279	0	3	16	0.000000	0.000000	0.000000	0.000000	-22.013179	-47.947010	2.000000	1
280	0	3	16	0.000000	0.000000	0.000000	0.000000	-22.013188	-47.947017	2.000000	1
281	0	3	16	0.000000	0.000000	0.000000	0.000000	-22.013188	-47.947017	2.000000	1
282	0	3	16	0.000000	0.000000	0.000000	0.000000	-22.013190	-47.947023	2.000000	1
283	0	3	16	0.000000	0.000000	0.000000	0.000000	-22.013190	-47.947023	2.000000	1
284	0	3	16	0.000000	0.000000	0.000000	0.000000	-22.013190	-47.947024	2.000000	1
285	0	3	16	0.000000	0.000000	0.000000	0.000000	-22.013190	-47.947024	2.000000	1
286	0	3	16	0.000000	0.000000	0.000000	0.000000	-22.013185	-47.947026	2.000000	1
287	0	3	16	0.000000	0.000000	0.000000	0.000000	-22.013185	-47.947026	2.000000	1
288	0	3	16	0.000000	0.000000	0.000000	0.000000	-22.013182	-47.947029	2.000000	1
289	0	3	16	0.000000	0.000000	0.000000	0.000000	-22.013182	-47.947029	2.000000	1
290	0	3	16	0.000000	0.000000	0.000000	0.000000	-22.013208	-47.947059	2.000000	1
291	0	3	16	0.000000	0.000000	0.000000	0.000000	-22.013208	-47.947059	2.000000	1
292	0	3	16	0.000000	0.000000	0.000000	0.000000	-22.013243	-47.947061	2.000000	1
293	0	3	16	0.000000	0.000000	0.000000	0.000000	-22.013243	-47.947061	2.000000	1
294	0	3	16	0.000000	0.000000	0.000000	0.000000	-22.013247	-47.947054	2.000000	1
295	0	3	16	0.000000	0.000000	0.000000	0.000000	-22.013247	-47.947054	2.000000	1
296	0	3	16	0.000000	0.000000	0.000000	0.000000	-22.013304	-47.947011	2.000000	1
297	0	3	16	0.000000	0.000000	0.000000	0.000000	-22.013304	-47.947011	2.000000	1
298	0	3	16	0.000000	0.000000	0.000000	0.000000	-22.013284	-47.946948	2.000000	1
299	0	3	16	0.000000	0.000000	0.000000	0.000000	-22.013284	-47.946948	2.000000	1
300	0	3	16	0.000000	0.000000	0.000000	0.000000	-22.013343	-47.946887	2.000000	1
301	0	3	16	0.000000	0.000000	0.000000	0.000000	-22.013343	-47.946887	2.000000	1
302	0	3	16	0.000000	0.000000	0.000000	0.000000	-22.013349	-47.946880	2.000000	1
303	0	3	16	0.000000	0.000000	0.000000	0.000000	-22.013349	-47.946880	2.000000	1
304	0	3	16	0.000000	0.000000	0.000000	0.000000	-22.013415	-47.946879	2.000000	1
305	0	3	16	0.000000	0.000000	0.000000	0.000000	-22.013415	-47.946879	2.000000	1
306	0	3	16	0.000000	0.000000	0.000000	0.000000	-22.013461	-47.946873	2.000000	1
307	0	3	16	0.000000	0.000000	0.000000	0.000000	-22.013507	-47.946867	2.000000	1
308	0	3	16	0.000000	0.000000	0.000000	0.000000	-22.013507	-47.946867	2.000000	1
309	0	3	16	0.000000	0.000000	0.000000	0.000000	-22.013561	-47.946871	2.000000	1
310	0	3	16	0.000000	0.000000	0.000000	0.000000	-22.013561	-47.946871	2.000000	1
311	0	3	16	0.000000	0.000000	0.000000	0.000000	-22.013580	-47.946874	2.000000	1
312	0	3	16	0.000000	0.000000	0.000000	0.000000	-22.013580	-47.946874	2.000000	1
313	0	3	16	0.000000	0.000000	0.000000	0.000000	-22.013630	-47.946934	2.000000	1
314	0	3	16	0.000000	0.000000	0.000000	0.000000	-22.013630	-47.946934	2.000000	1
315	0	3	16	0.000000	0.000000	0.000000	0.000000	-22.013665	-47.946945	2.000000	1
316	0	3	16	0.000000	0.000000	0.000000	0.000000	-22.013665	-47.946945	2.000000	1
317	0	3	16	0.000000	0.000000	0.000000	0.000000	-22.013667	-47.946874	2.000000	1
318	0	3	16	0.000000	0.000000	0.000000	0.000000	-22.013667	-47.946874	2.000000	1
319	0	3	16	0.000000	0.000000	0.000000	0.000000	-22.013637	-47.946828	2.000000	1
320	0	3	16	0.000000	0.000000	0.000000	0.000000	-22.013637	-47.946828	2.000000	1
321	0	3	16	0.000000	0.000000	0.000000	0.000000	-22.013650	-47.946821	2.000000	1
322	0	3	16	0.000000	0.000000	0.000000	0.000000	-22.013650	-47.946821	2.000000	1
323	0	3	16	0.000000	0.000000	0.000000	0.000000	-22.013655	-47.946811	2.000000	1
324	0	3	16	0.000000	0.000000	0.000000	0.000000	-22.013655	-47.946811	2.000000	1
325	0	3	16	0.000000	0.000000	0.000000	0.000000	-22.013632	-47.946811	2.000000	1
326	0	3	16	0.000000	0.000000	0.000000	0.000000	-22.013632	-47.946811	2.000000	1
327	0	3	16	0.000000	0.000000	0.000000	0.000000	-22.013642	-47.946802	2.000000	1
328	0	3	16	0.000000	0.000000	0.000000	0.000000	-22.013642	-47.946802	2.000000	1
329	0	3	16	0.000000	0.000000	0.000000	0.000000	-22.013622	-47.946755	2.000000	1
330	0	3	16	0.000000	0.000000	0.000000	0.000000	-22.013622	-47.946755	2.000000	1
331	0	3	16	0.000000	0.000000	0.000000	0.000000	-22.013576	-47.946763	2.000000	1
332	0	3	16	0.000000	0.000000	0.000000	0.000000	-22.013576	-47.946763	2.000000	1
333	0	3	16	0.000000	0.000000	0.000000	0.000000	-22.013563	-47.946778	2.000000	1
334	0	3	16	0.000000	0.000000	0.000000	0.000000	-22.013563	-47.946778	2.000000	1
335	0	3	16	0.000000	0.000000	0.000000	0.000000	-22.013560	-47.946781	2.000000	1
336	0	3	16	0.000000	0.000000	0.000000	0.000000	-22.013560	-47.946781	2.000000	1
337	0	3	16	0.000000	0.000000	0.000000	0.000000	-22.013549	-47.946778	2.000000	1
338	0	3	16	0.000000	0.000000	0.000000	0.000000	-22.013549	-47.946778	2.000000	1
339	0	3	16	0.000000	0.000000	0.000000	0.000000	-22.013540	-47.946782	2.000000	1
340	0	3	16	0.000000	0.000000	0.000000	0.000000	-22.013540	-47.946782	2.000000	1
341	0	3	16	0.000000	0.000000	0.000000	0.000000	-22.013521	-47.946782	2.000000	1
342	0	3	16	0.000000	0.000000	0.000000	0.000000	-22.013521	-47.946782	2.000000	1
343	0	3	16	0.000000	0.000000	0.000000	0.000000	-22.013559	-47.946769	2.000000	1
344	0	3	16	0.000000	0.000000	0.000000	0.000000	-22.013559	-47.946769	2.000000	1
345	0	3	16	0.000000	0.000000	0.000000	0.000000	-22.013543	-47.946762	2.000000	1
346	0	3	16	0.000000	0.000000	0.000000	0.000000	-22.013543	-47.946762	2.000000	1
347	0	3	16	0.000000	0.000000	0.000000	0.000000	-22.013525	-47.946716	2.000000	1
348	0	3	16	0.000000	0.000000	0.000000	0.000000	-22.013525	-47.946716	2.000000	1
349	0	3	16	0.000000	0.000000	0.000000	0.000000	-22.013520	-47.946716	2.000000	1
350	0	3	16	0.000000	0.000000	0.000000	0.000000	-22.013520	-47.946716	2.000000	1
351	0	3	16	0.000000	0.000000	0.000000	0.000000	-22.013506	-47.946707	2.000000	1
352	0	3	16	0.000000	0.000000	0.000000	0.000000	-22.013506	-47.946707	2.000000	1
353	0	3	16	0.000000	0.000000	0.000000	0.000000	-22.013455	-47.946694	2.000000	1
354	0	3	16	0.000000	0.000000	0.000000	0.000000	-22.013455	-47.946694	2.000000	1
355	0	3	16	0.000000	0.000000	0.000000	0.000000	-22.013449	-47.946699	2.000000	1
356	0	3	16	0.000000	0.000000	0.000000	0.000000	-22.013449	-47.946699	2.000000	1
357	0	3	16	0.000000	0.000000	0.000000	0.000000	-22.013442	-47.946692	2.000000	1
358	0	3	16	0.000000	0.000000	0.000000	0.000000	-22.013442	-47.946692	2.000000	1
359	0	3	16	0.000000	0.000000	0.000000	0.000000	-22.013449	-47.946680	2.000000	1
360	0	3	16	0.000000	0.000000	0.000000	0.000000	-22.013449	-47.946680	2.000000	1
361	0	3	16	0.000000	0.000000	0.000000	0.000000	-22.013361	-47.946678	2.000000	1
362	0	3	16	0.000000	0.000000	0.000000	0.000000	-22.013274	-47.946677	2.000000	1
363	0	3	16	0.000000	0.000000	0.000000	0.000000	-22.013274	-47.946677	2.000000	1
364	0	3	16	0.000000	0.000000	0.000000	0.000000	-22.013330	-47.946706	2.000000	1
365	0	3	16	0.000000	0.000000	0.000000	0.000000	-22.013330	-47.946706	2.000000	1
366	0	3	16	0.000000	0.000000	0.000000	0.000000	-22.013333	-47.946717	2.000000	1
367	0	3	16	0.000000	0.000000	0.000000	0.000000	-22.013333	-47.946717	2.000000	1
368	0	3	16	0.000000	0.000000	0.000000	0.000000	-22.013322	-47.946716	2.000000	1
369	0	3	16	0.000000	0.000000	0.000000	0.000000	-22.013322	-47.946716	2.000000	1
370	0	3	16	0.000000	0.000000	0.000000	0.000000	-22.013311	-47.946721	2.000000	1
371	0	3	16	0.000000	0.000000	0.000000	0.000000	-22.013311	-47.946721	2.000000	1
372	0	3	16	0.000000	0.000000	0.000000	0.000000	-22.013310	-47.946725	2.000000	1
373	0	3	16	0.000000	0.000000	0.000000	0.000000	-22.013310	-47.946725	2.000000	1
374	0	3	16	0.000000	0.000000	0.000000	0.000000	-22.013304	-47.946722	2.000000	1
375	0	3	16	0.000000	0.000000	0.000000	0.000000	-22.013304	-47.946722	2.000000	1
376	0	3	16	0.000000	0.000000	0.000000	0.000000	-22.013303	-47.946717	2.000000	1
377	0	3	16	0.000000	0.000000	0.000000	0.000000	-22.013303	-47.946717	2.000000	1
378	0	3	16	0.000000	0.000000	0.000000	0.000000	-22.013294	-47.946724	2.000000	1
379	0	3	16	0.000000	0.000000	0.000000	0.000000	-22.013294	-47.946724	2.000000	1
380	0	3	16	0.000000	0.000000	0.000000	0.000000	-22.013280	-47.946812	2.000000	1
381	0	3	16	0.000000	0.000000	0.000000	0.000000	-22.013265	-47.946900	2.000000	1
382	0	3	16	0.000000	0.000000	0.000000	0.000000	-22.013265	-47.946900	2.000000	1
383	0	3	16	0.000000	0.000000	0.000000	0.000000	-22.013253	-47.946900	2.000000	1
384	0	3	16	0.000000	0.000000	0.000000	0.000000	-22.013253	-47.946900	2.000000	1
385	0	3	16	0.000000	0.000000	0.000000	0.000000	-22.013208	-47.946937	2.000000	1
386	0	3	16	0.000000	0.000000	0.000000	0.000000	-22.013208	-47.946937	2.000000	1
387	0	3	16	0.000000	0.000000	0.000000	0.000000	-22.013208	-47.946942	2.000000	1
388	0	3	16	0.000000	0.000000	0.000000	0.000000	-22.013208	-47.946942	2.000000	1
389	0	3	16	0.000000	0.000000	0.000000	0.000000	-22.013197	-47.946950	2.000000	1
390	0	3	16	0.000000	0.000000	0.000000	0.000000	-22.013197	-47.946950	2.000000	1
391	0	3	16	0.000000	0.000000	0.000000	0.000000	-22.013201	-47.946957	2.000000	1
392	0	3	16	0.000000	0.000000	0.000000	0.000000	-22.013201	-47.946957	2.000000	1
393	0	3	16	0.000000	0.000000	0.000000	0.000000	-22.013204	-47.946962	2.000000	1
394	0	3	16	0.000000	0.000000	0.000000	0.000000	-22.013204	-47.946962	2.000000	1
395	0	3	16	0.000000	0.000000	0.000000	0.000000	-22.013219	-47.946966	2.000000	1
396	0	3	16	0.000000	0.000000	0.000000	0.000000	-22.013219	-47.946966	2.000000	1
397	0	3	16	0.000000	0.000000	0.000000	0.000000	-22.013221	-47.946981	2.000000	1
398	0	3	16	0.000000	0.000000	0.000000	0.000000	-22.013221	-47.946981	2.000000	1
399	0	3	16	0.000000	0.000000	0.000000	0.000000	-22.013206	-47.946984	2.000000	1
400	0	3	16	0.000000	0.000000	0.000000	0.000000	-22.013206	-47.946984	2.000000	1
401	0	3	16	0.000000	0.000000	0.000000	0.000000	-22.013209	-47.946988	2.000000	1
402	0	3	16	0.000000	0.000000	0.000000	0.000000	-22.013209	-47.946988	2.000000	1
403	0	3	16	0.000000	0.000000	0.000000	0.000000	-22.013224	-47.946994	2.000000	1
404	0	3	16	0.000000	0.000000	0.000000	0.000000	-22.013224	-47.946994	2.000000	1
405	0	3	16	0.000000	0.000000	0.000000	0.000000	-22.013226	-47.946994	2.000000	1
406	0	3	16	0.000000	0.000000	0.000000	0.000000	-22.013226	-47.946994	2.000000	1
407	0	3	16	0.000000	0.000000	0.000000	0.000000	-22.013236	-47.946997	2.000000	1
408	0	3	16	0.000000	0.000000	0.000000	0.000000	-22.013236	-47.946997	2.000000	1
409	0	3	16	0.000000	0.000000	0.000000	0.000000	-22.013215	-47.947011	2.000000	1
410	0	3	16	0.000000	0.000000	0.000000	0.000000	-22.013215	-47.947011	2.000000	1
411	0	3	16	0.000000	0.000000	0.000000	0.000000	-22.013210	-47.947009	2.000000	1
412	0	3	16	0.000000	0.000000	0.000000	0.000000	-22.013210	-47.947009	2.000000	1
413	0	3	16	0.000000	0.000000	0.000000	0.000000	-22.013191	-47.947008	2.000000	1
414	0	3	16	0.000000	0.000000	0.000000	0.000000	-22.013191	-47.947008	2.000000	1
415	0	3	16	0.000000	0.000000	0.000000	0.000000	-22.013186	-47.946977	2.000000	1
416	0	3	16	0.000000	0.000000	0.000000	0.000000	-22.013186	-47.946977	2.000000	1
417	0	3	16	0.000000	0.000000	0.000000	0.000000	-22.013203	-47.946971	2.000000	1
418	0	3	16	0.000000	0.000000	0.000000	0.000000	-22.013203	-47.946971	2.000000	1
419	0	3	16	0.000000	0.000000	0.000000	0.000000	-22.013203	-47.946966	2.000000	1
420	0	3	16	0.000000	0.000000	0.000000	0.000000	-22.013203	-47.946966	2.000000	1
421	0	3	16	0.000000	0.000000	0.000000	0.000000	-22.013194	-47.946961	2.000000	1
422	0	3	16	0.000000	0.000000	0.000000	0.000000	-22.013194	-47.946961	2.000000	1
423	0	3	16	0.000000	0.000000	0.000000	0.000000	-22.013185	-47.946957	2.000000	1
424	0	3	16	0.000000	0.000000	0.000000	0.000000	-22.013185	-47.946957	2.000000	1
425	0	3	16	0.000000	0.000000	0.000000	0.000000	-22.013180	-47.946964	2.000000	1
426	0	3	16	0.000000	0.000000	0.000000	0.000000	-22.013180	-47.946964	2.000000	1
427	0	3	16	0.000000	0.000000	0.000000	0.000000	-22.013171	-47.946957	2.000000	1
428	0	3	16	0.000000	0.000000	0.000000	0.000000	-22.013171	-47.946957	2.000000	1
429	0	3	16	0.000000	0.000000	0.000000	0.000000	-22.013173	-47.946948	2.000000	1
430	0	3	16	0.000000	0.000000	0.000000	0.000000	-22.013173	-47.946948	2.000000	1
431	0	3	16	0.000000	0.000000	0.000000	0.000000	-22.013170	-47.946941	2.000000	1
432	0	3	16	0.000000	0.000000	0.000000	0.000000	-22.013170	-47.946941	2.000000	1
433	0	3	16	0.000000	0.000000	0.000000	0.000000	-22.013158	-47.946944	2.000000	1
434	0	3	16	0.000000	0.000000	0.000000	0.000000	-22.013158	-47.946944	2.000000	1
435	0	3	16	0.000000	0.000000	0.000000	0.000000	-22.013147	-47.946942	2.000000	1
436	0	3	16	0.000000	0.000000	0.000000	0.000000	-22.013147	-47.946942	2.000000	1
437	0	3	16	0.000000	0.000000	0.000000	0.000000	-22.013103	-47.947003	2.000000	1
438	0	3	16	0.000000	0.000000	0.000000	0.000000	-22.013103	-47.947003	2.000000	1
439	0	3	16	0.000000	0.000000	0.000000	0.000000	-22.013096	-47.947001	2.000000	1
440	0	3	16	0.000000	0.000000	0.000000	0.000000	-22.013096	-47.947001	2.000000	1
441	0	3	16	0.000000	0.000000	0.000000	0.000000	-22.013094	-47.947010	2.000000	1
442	0	3	16	0.000000	0.000000	0.000000	0.000000	-22.013094	-47.947010	2.000000	1
443	0	3	16	0.000000	0.000000	0.000000	0.000000	-22.013077	-47.947045	2.000000	1
444	0	3	16	0.000000	0.000000	0.000000	0.000000	-22.013077	-47.947045	2.000000	1
445	0	3	16	0.000000	0.000000	0.000000	0.000000	-22.013041	-47.947072	2.000000	1
446	0	3	16	0.000000	0.000000	0.000000	0.000000	-22.013041	-47.947072	2.000000	1
447	0	3	16	0.000000	0.000000	0.000000	0.000000	-22.013015	-47.947108	2.000000	1
448	0	3	16	0.000000	0.000000	0.000000	0.000000	-22.013015	-47.947108	2.000000	1
449	0	3	16	0.000000	0.000000	0.000000	0.000000	-22.013005	-47.947041	2.000000	1
450	0	3	16	0.000000	0.000000	0.000000	0.000000	-22.012994	-47.946974	2.000000	1
451	0	0	20	0.000000	0.000000	0.000000	0.000000	0.000000	0.000000	0.000000	1
